[*] session DOT93131975 type demo

sym           g            b        spot       w   K     phi  flag
CRASH1000  0.01   2.7427e-06   6002.0180   1.646   1  0.6462
CRASH1000  0.02 2.542662e-06   6002.0180   1.526   1  0.5261
CRASH1000  0.03 2.392432e-06   6002.0180   1.436   1  0.4359
CRASH1000  0.04  2.28724e-06   6002.0180   1.373   1  0.3728
CRASH1000  0.05 2.196196e-06   6002.0180   1.318   1  0.3182
CRASH500   0.01   5.5395e-06   3105.6280   1.720   1  0.7204
CRASH500   0.02 5.139154e-06   3105.6280   1.596   1  0.5960
CRASH500   0.03 4.828108e-06   3105.6280   1.499   1  0.4994
CRASH500   0.04 4.598554e-06   3105.6280   1.428   1  0.4281
CRASH500   0.05 4.427023e-06   3105.6410   1.375   1  0.3749
CRASH300N  0.01  2.43319e-05   2450.6720 596.295 596  0.2951
CRASH300N  0.02  2.27904e-05   2450.6720 558.518 558  0.5180
CRASH300N  0.03   2.1489e-05   2450.6720 526.625 526  0.6249
CRASH300N  0.04  2.05575e-05   2450.6720 503.797 503  0.7969
CRASH300N  0.05  1.96864e-05   2450.6720 482.449 482  0.4491
CRASH600   0.01   4.6014e-06  22427.2460  10.320  10  0.3197
CRASH600   0.02   4.3306e-06  22427.2460   9.712   9  0.7123
CRASH600   0.03   4.0943e-06  22427.2460   9.182   9  0.1824
CRASH600   0.04   3.9223e-06  22427.2460   8.797   8  0.7966
CRASH600   0.05   3.7599e-06  22427.2460   8.432   8  0.4324
CRASH900   0.01   3.0509e-06  15667.6790   4.780   4  0.7801
CRASH900   0.02   2.8755e-06  15667.6790   4.505   4  0.5052
CRASH900   0.03   2.7208e-06  15667.6790   4.263   4  0.2629
CRASH900   0.04   2.6077e-06  15667.6790   4.086   4  0.0857  <-- ELIGIBLE
CRASH900   0.05   2.5005e-06  15667.6790   3.918   3  0.9177
BOOM1000   0.01   2.7467e-06  16358.2260   4.493   4  0.4931
BOOM1000   0.02   2.5895e-06  16358.2260   4.236   4  0.2360
BOOM1000   0.03   2.4506e-06  16358.2260   4.009   4  0.0087
BOOM1000   0.04   2.3488e-06  16358.2260   3.842   3  0.8422
BOOM1000   0.05   2.2525e-06  16358.2260   3.685   3  0.6847
BOOM500    0.01   5.5478e-06   5319.0570   2.951   2  0.9509
BOOM500    0.02   5.2167e-06   5319.0570   2.775   2  0.7748
BOOM500    0.03 4.911648e-06   5319.0570   2.613   2  0.6125
BOOM500    0.04 4.686538e-06   5319.0570   2.493   2  0.4928
BOOM500    0.05 4.506906e-06   5319.0570   2.397   2  0.3973
BOOM300N   0.01  2.36989e-05    405.6680  96.139  96  0.1389
BOOM300N   0.02 2.197086e-05    405.6680  89.129  89  0.1287
BOOM300N   0.03 2.047099e-05    405.6680  83.044  83  0.0442
BOOM300N   0.04 1.952517e-05    405.6680  79.207  79  0.2074
BOOM300N   0.05 1.859097e-05    405.6650  75.417  75  0.4170
BOOM600    0.01   4.6081e-06   5137.0780   2.367   2  0.3672
BOOM600    0.02 4.320674e-06   5137.0780   2.220   2  0.2196
BOOM600    0.03 4.066497e-06   5137.0780   2.089   2  0.0890  <-- ELIGIBLE
BOOM600    0.04 3.879776e-06   5137.0780   1.993   1  0.9931
BOOM600    0.05 3.730035e-06   5137.0780   1.916   1  0.9161
BOOM900    0.01   3.0554e-06   9107.2770   2.783   2  0.7826
BOOM900    0.02   2.8797e-06   9107.2770   2.623   2  0.6226
BOOM900    0.03 2.713839e-06   9107.2770   2.472   2  0.4716
BOOM900    0.04 2.591691e-06   9107.2770   2.360   2  0.3603
BOOM900    0.05 2.493682e-06   9107.2770   2.271   2  0.2711
CRASH50    0.01 1.821943e-05  99862.079018194.30018194  0.3005
CRASH50    0.02 2.639134e-06  99862.07902635.4942635  0.4944
CRASH50    0.03 2.301668e-06  99862.07902298.4942298  0.4937
CRASH50    0.04 2.147485e-06  99862.07902144.5232144  0.5230
CRASH50    0.05 2.025371e-06  99862.07902022.5782022  0.5775
BOOM50     0.01 1.821976e-05 104718.870019079.52819079  0.5277
BOOM50     0.02 2.639128e-06 104718.87002763.6652763  0.6646
BOOM50     0.03 2.301663e-06 104718.87002410.2752410  0.2754
BOOM50     0.04  2.14748e-06 104718.87002248.8172248  0.8171
BOOM50     0.05 2.025367e-06 104718.87002120.9412120  0.9413
CRASH150N  0.01 1.949327e-06   9453.5692 184.281 184  0.2810
CRASH150N  0.02 1.801882e-06   9453.5692 170.342 170  0.3421
CRASH150N  0.03 1.688063e-06   9453.5692 159.582 159  0.5822
CRASH150N  0.04 1.609792e-06   9453.5692 152.183 152  0.1828
CRASH150N  0.05 1.538143e-06   9453.5692 145.409 145  0.4094
BOOM150N   0.01 1.949416e-06   9462.0015 184.454 184  0.4538
BOOM150N   0.02 1.801964e-06   9462.0015 170.502 170  0.5019
BOOM150N   0.03 1.688141e-06   9462.0015 159.732 159  0.7319
BOOM150N   0.04 1.609867e-06   9462.0015 152.326 152  0.3256
BOOM150N   0.05 1.538214e-06   9462.0015 145.546 145  0.5458

quoted cells: 70   ELIGIBLE today: 2
   CRASH900 g=0.04  K=4 phi=0.0857
   BOOM600 g=0.03  K=2 phi=0.0890
[*] wrote ../results/edge2_accu_ladder.json
